4 0.667188 0.827083 0.040625 0.0597222 0.266484
1 0.133594 0.413194 0.065625 0.204167 0.266989
4 0.229687 0.757639 0.0375 0.0625 0.421661
0 0.296484 0.163889 0.0445312 0.075 0.612234
4 0.614453 0.822222 0.0460938 0.0583333 0.741995
0 0.515625 0.161111 0.0515625 0.0944444 0.76386
0 0.197266 0.261806 0.0445312 0.0680556 0.765787
0 0.635547 0.118056 0.0679687 0.075 0.822573
1 0.289062 0.338194 0.08125 0.218056 0.835425
1 0.454688 0.345139 0.0765625 0.2625 0.862495
1 0.653516 0.356944 0.113281 0.313889 0.882835
